Scenario 1:
Time Buckets: 0, 1
Demands: [[[7.0, 3.0, 15.0, 29.0, 14.0], [7.0, 4.0, 15.0, 4.0, 25.0], [6.0, 4.0, 3.0, 1.0, 5.0], [1.0, 1.0, 1.0, 1.0, 1.0]], [[33.0, 21.0, 17.0, 15.0, 29.0], [20.0, 27.0, 13.0, 23.0, 5.0], [4.0, 2.0, 6.0, 3.0, 2.0], [1.0, 2.0, 1.0, 1.0, 2.0]], [[17.0, 5.0, 10.0, 1.0, 38.0], [36.0, 32.0, 9.0, 34.0, 24.0], [3.0, 2.0, 4.0, 5.0, 7.0], [2.0, 1.0, 3.0, 4.0, 2.0]]], [[[7.0, 3.0, 15.0, 29.0, 14.0], [7.0, 4.0, 15.0, 4.0, 25.0], [6.0, 4.0, 3.0, 1.0, 5.0], [1.0, 1.0, 1.0, 1.0, 1.0]], [[33.0, 21.0, 17.0, 15.0, 29.0], [20.0, 27.0, 13.0, 23.0, 5.0], [4.0, 2.0, 6.0, 3.0, 2.0], [1.0, 2.0, 1.0, 1.0, 2.0]], [[17.0, 5.0, 10.0, 1.0, 38.0], [36.0, 32.0, 9.0, 34.0, 24.0], [3.0, 2.0, 4.0, 5.0, 7.0], [2.0, 1.0, 3.0, 4.0, 2.0]]]
HospitalCaps: [49.0, 48.0, 59.0, 70.0, 63.0], [82.0, 89.0, 82.0, 76.0, 89.0]
WholeDonors: [[155.0, 141.0, 187.0, 231.0, 180.0], [134.0, 136.0, 159.0, 122.0, 187.0], [47.0, 30.0, 25.0, 31.0, 41.0], [14.0, 9.0, 9.0, 8.0, 12.0]], [[181.0, 140.0, 160.0, 208.0, 177.0], [127.0, 139.0, 149.0, 122.0, 190.0], [38.0, 44.0, 35.0, 34.0, 44.0], [10.0, 19.0, 7.0, 13.0, 8.0]]
ApheresisDonors: [[40.0, 45.0, 59.0, 97.0, 76.0, 60.0, 33.0, 77.0, 38.0, 95.0], [88.0, 57.0, 47.0, 26.0, 70.0, 50.0, 65.0, 51.0, 33.0, 71.0], [19.0, 13.0, 15.0, 13.0, 19.0, 22.0, 9.0, 10.0, 15.0, 12.0], [5.0, 3.0, 3.0, 1.0, 4.0, 4.0, 3.0, 7.0, 5.0, 7.0]], [[45.0, 38.0, 66.0, 83.0, 80.0, 47.0, 44.0, 79.0, 37.0, 89.0], [88.0, 69.0, 57.0, 35.0, 77.0, 43.0, 54.0, 54.0, 30.0, 68.0], [26.0, 17.0, 12.0, 12.0, 13.0, 14.0, 18.0, 23.0, 20.0, 8.0], [8.0, 7.0, 4.0, 2.0, 1.0, 3.0, 6.0, 2.0, 6.0, 2.0]]

Scenario 2:
Time Buckets: 0, 1
Demands: [[[7.0, 3.0, 15.0, 29.0, 14.0], [7.0, 4.0, 15.0, 4.0, 25.0], [6.0, 4.0, 3.0, 1.0, 5.0], [1.0, 1.0, 1.0, 1.0, 1.0]], [[33.0, 21.0, 17.0, 15.0, 29.0], [20.0, 27.0, 13.0, 23.0, 5.0], [4.0, 2.0, 6.0, 3.0, 2.0], [1.0, 2.0, 1.0, 1.0, 2.0]], [[17.0, 5.0, 10.0, 1.0, 38.0], [36.0, 32.0, 9.0, 34.0, 24.0], [3.0, 2.0, 4.0, 5.0, 7.0], [2.0, 1.0, 3.0, 4.0, 2.0]]], [[[10.0, 10.0, 19.0, 32.0, 16.0], [9.0, 6.0, 16.0, 5.0, 26.0], [6.0, 4.0, 3.0, 1.0, 5.0], [1.0, 1.0, 1.0, 1.0, 1.0]], [[33.0, 21.0, 17.0, 15.0, 29.0], [20.0, 27.0, 13.0, 23.0, 5.0], [4.0, 2.0, 6.0, 3.0, 3.0], [1.0, 2.0, 1.0, 1.0, 2.0]], [[17.0, 5.0, 10.0, 2.0, 38.0], [36.0, 33.0, 10.0, 34.0, 24.0], [3.0, 2.0, 4.0, 5.0, 7.0], [2.0, 1.0, 3.0, 4.0, 2.0]]]
HospitalCaps: [49.0, 48.0, 59.0, 70.0, 63.0], [82.0, 89.0, 82.0, 76.0, 89.0]
WholeDonors: [[155.0, 141.0, 187.0, 231.0, 180.0], [134.0, 136.0, 159.0, 122.0, 187.0], [47.0, 30.0, 25.0, 31.0, 41.0], [14.0, 9.0, 9.0, 8.0, 12.0]], [[189.0, 173.0, 177.0, 220.0, 184.0], [133.0, 143.0, 154.0, 125.0, 192.0], [38.0, 44.0, 36.0, 34.0, 44.0], [10.0, 19.0, 7.0, 13.0, 8.0]]
ApheresisDonors: [[40.0, 45.0, 59.0, 97.0, 76.0, 60.0, 33.0, 77.0, 38.0, 95.0], [88.0, 57.0, 47.0, 26.0, 70.0, 50.0, 65.0, 51.0, 33.0, 71.0], [19.0, 13.0, 15.0, 13.0, 19.0, 22.0, 9.0, 10.0, 15.0, 12.0], [5.0, 3.0, 3.0, 1.0, 4.0, 4.0, 3.0, 7.0, 5.0, 7.0]], [[50.0, 52.0, 75.0, 88.0, 83.0, 50.0, 46.0, 81.0, 39.0, 90.0], [89.0, 70.0, 58.0, 36.0, 77.0, 44.0, 55.0, 55.0, 30.0, 68.0], [26.0, 17.0, 12.0, 12.0, 13.0, 14.0, 18.0, 23.0, 20.0, 8.0], [8.0, 7.0, 4.0, 2.0, 1.0, 3.0, 6.0, 2.0, 6.0, 2.0]]

Scenario 3:
Time Buckets: 0, 1
Demands: [[[7.0, 3.0, 15.0, 29.0, 14.0], [7.0, 4.0, 15.0, 4.0, 25.0], [6.0, 4.0, 3.0, 1.0, 5.0], [1.0, 1.0, 1.0, 1.0, 1.0]], [[33.0, 21.0, 17.0, 15.0, 29.0], [20.0, 27.0, 13.0, 23.0, 5.0], [4.0, 2.0, 6.0, 3.0, 2.0], [1.0, 2.0, 1.0, 1.0, 2.0]], [[17.0, 5.0, 10.0, 1.0, 38.0], [36.0, 32.0, 9.0, 34.0, 24.0], [3.0, 2.0, 4.0, 5.0, 7.0], [2.0, 1.0, 3.0, 4.0, 2.0]]], [[[24.0, 5.0, 28.0, 5.0, 20.0], [12.0, 8.0, 19.0, 7.0, 28.0], [1.0, 4.0, 3.0, 1.0, 5.0], [1.0, 1.0, 1.0, 1.0, 1.0]], [[34.0, 22.0, 18.0, 16.0, 30.0], [21.0, 27.0, 13.0, 23.0, 5.0], [4.0, 2.0, 6.0, 3.0, 3.0], [1.0, 2.0, 1.0, 1.0, 2.0]], [[17.0, 6.0, 11.0, 2.0, 39.0], [36.0, 33.0, 10.0, 34.0, 24.0], [3.0, 2.0, 4.0, 5.0, 7.0], [2.0, 1.0, 3.0, 4.0, 2.0]]]
HospitalCaps: [49.0, 48.0, 59.0, 70.0, 63.0], [82.0, 89.0, 82.0, 76.0, 89.0]
WholeDonors: [[155.0, 141.0, 187.0, 231.0, 180.0], [134.0, 136.0, 159.0, 122.0, 187.0], [47.0, 30.0, 25.0, 31.0, 41.0], [14.0, 9.0, 9.0, 8.0, 12.0]], [[232.0, 151.0, 211.0, 121.0, 199.0], [144.0, 151.0, 163.0, 131.0, 197.0], [29.0, 44.0, 36.0, 35.0, 45.0], [10.0, 19.0, 7.0, 13.0, 8.0]]
ApheresisDonors: [[40.0, 45.0, 59.0, 97.0, 76.0, 60.0, 33.0, 77.0, 38.0, 95.0], [88.0, 57.0, 47.0, 26.0, 70.0, 50.0, 65.0, 51.0, 33.0, 71.0], [19.0, 13.0, 15.0, 13.0, 19.0, 22.0, 9.0, 10.0, 15.0, 12.0], [5.0, 3.0, 3.0, 1.0, 4.0, 4.0, 3.0, 7.0, 5.0, 7.0]], [[76.0, 42.0, 91.0, 43.0, 91.0, 55.0, 50.0, 85.0, 44.0, 93.0], [34.0, 72.0, 60.0, 38.0, 79.0, 45.0, 56.0, 56.0, 32.0, 69.0], [26.0, 17.0, 13.0, 12.0, 13.0, 15.0, 18.0, 23.0, 20.0, 8.0], [8.0, 7.0, 4.0, 2.0, 1.0, 3.0, 6.0, 2.0, 6.0, 2.0]]

Scenario 4:
Time Buckets: 0, 1
Demands: [[[10.0, 10.0, 19.0, 32.0, 16.0], [9.0, 6.0, 16.0, 5.0, 26.0], [6.0, 4.0, 3.0, 1.0, 5.0], [1.0, 1.0, 1.0, 1.0, 1.0]], [[33.0, 21.0, 17.0, 15.0, 29.0], [20.0, 27.0, 13.0, 23.0, 5.0], [4.0, 2.0, 6.0, 3.0, 3.0], [1.0, 2.0, 1.0, 1.0, 2.0]], [[17.0, 5.0, 10.0, 2.0, 38.0], [36.0, 33.0, 10.0, 34.0, 24.0], [3.0, 2.0, 4.0, 5.0, 7.0], [2.0, 1.0, 3.0, 4.0, 2.0]]], [[[7.0, 3.0, 15.0, 29.0, 14.0], [7.0, 4.0, 15.0, 4.0, 25.0], [6.0, 4.0, 3.0, 1.0, 5.0], [1.0, 1.0, 1.0, 1.0, 1.0]], [[33.0, 21.0, 17.0, 15.0, 29.0], [20.0, 27.0, 13.0, 23.0, 5.0], [4.0, 2.0, 6.0, 3.0, 2.0], [1.0, 2.0, 1.0, 1.0, 2.0]], [[17.0, 5.0, 10.0, 1.0, 38.0], [36.0, 32.0, 9.0, 34.0, 24.0], [3.0, 2.0, 4.0, 5.0, 7.0], [2.0, 1.0, 3.0, 4.0, 2.0]]]
HospitalCaps: [53.0, 58.0, 64.0, 74.0, 66.0], [82.0, 89.0, 82.0, 76.0, 89.0]
WholeDonors: [[165.0, 166.0, 207.0, 243.0, 189.0], [140.0, 140.0, 164.0, 124.0, 190.0], [47.0, 30.0, 25.0, 31.0, 41.0], [14.0, 9.0, 9.0, 8.0, 12.0]], [[181.0, 140.0, 160.0, 208.0, 177.0], [127.0, 139.0, 149.0, 122.0, 190.0], [38.0, 44.0, 35.0, 34.0, 44.0], [10.0, 19.0, 7.0, 13.0, 8.0]]
ApheresisDonors: [[45.0, 63.0, 69.0, 101.0, 80.0, 63.0, 36.0, 79.0, 40.0, 96.0], [89.0, 58.0, 48.0, 27.0, 71.0, 50.0, 65.0, 52.0, 34.0, 71.0], [19.0, 13.0, 15.0, 13.0, 19.0, 22.0, 9.0, 10.0, 15.0, 12.0], [5.0, 3.0, 3.0, 1.0, 4.0, 4.0, 3.0, 7.0, 5.0, 7.0]], [[45.0, 38.0, 66.0, 83.0, 80.0, 47.0, 44.0, 79.0, 37.0, 89.0], [88.0, 69.0, 57.0, 35.0, 77.0, 43.0, 54.0, 54.0, 30.0, 68.0], [26.0, 17.0, 12.0, 12.0, 13.0, 14.0, 18.0, 23.0, 20.0, 8.0], [8.0, 7.0, 4.0, 2.0, 1.0, 3.0, 6.0, 2.0, 6.0, 2.0]]

Scenario 5:
Time Buckets: 0, 1
Demands: [[[10.0, 10.0, 19.0, 32.0, 16.0], [9.0, 6.0, 16.0, 5.0, 26.0], [6.0, 4.0, 3.0, 1.0, 5.0], [1.0, 1.0, 1.0, 1.0, 1.0]], [[33.0, 21.0, 17.0, 15.0, 29.0], [20.0, 27.0, 13.0, 23.0, 5.0], [4.0, 2.0, 6.0, 3.0, 3.0], [1.0, 2.0, 1.0, 1.0, 2.0]], [[17.0, 5.0, 10.0, 2.0, 38.0], [36.0, 33.0, 10.0, 34.0, 24.0], [3.0, 2.0, 4.0, 5.0, 7.0], [2.0, 1.0, 3.0, 4.0, 2.0]]], [[[10.0, 10.0, 19.0, 32.0, 16.0], [9.0, 6.0, 16.0, 5.0, 26.0], [6.0, 4.0, 3.0, 1.0, 5.0], [1.0, 1.0, 1.0, 1.0, 1.0]], [[33.0, 21.0, 17.0, 15.0, 29.0], [20.0, 27.0, 13.0, 23.0, 5.0], [4.0, 2.0, 6.0, 3.0, 3.0], [1.0, 2.0, 1.0, 1.0, 2.0]], [[17.0, 5.0, 10.0, 2.0, 38.0], [36.0, 33.0, 10.0, 34.0, 24.0], [3.0, 2.0, 4.0, 5.0, 7.0], [2.0, 1.0, 3.0, 4.0, 2.0]]]
HospitalCaps: [53.0, 58.0, 64.0, 74.0, 66.0], [82.0, 89.0, 82.0, 76.0, 89.0]
WholeDonors: [[165.0, 166.0, 207.0, 243.0, 189.0], [140.0, 140.0, 164.0, 124.0, 190.0], [47.0, 30.0, 25.0, 31.0, 41.0], [14.0, 9.0, 9.0, 8.0, 12.0]], [[189.0, 173.0, 177.0, 220.0, 184.0], [133.0, 143.0, 154.0, 125.0, 192.0], [38.0, 44.0, 36.0, 34.0, 44.0], [10.0, 19.0, 7.0, 13.0, 8.0]]
ApheresisDonors: [[45.0, 63.0, 69.0, 101.0, 80.0, 63.0, 36.0, 79.0, 40.0, 96.0], [89.0, 58.0, 48.0, 27.0, 71.0, 50.0, 65.0, 52.0, 34.0, 71.0], [19.0, 13.0, 15.0, 13.0, 19.0, 22.0, 9.0, 10.0, 15.0, 12.0], [5.0, 3.0, 3.0, 1.0, 4.0, 4.0, 3.0, 7.0, 5.0, 7.0]], [[50.0, 52.0, 75.0, 88.0, 83.0, 50.0, 46.0, 81.0, 39.0, 90.0], [89.0, 70.0, 58.0, 36.0, 77.0, 44.0, 55.0, 55.0, 30.0, 68.0], [26.0, 17.0, 12.0, 12.0, 13.0, 14.0, 18.0, 23.0, 20.0, 8.0], [8.0, 7.0, 4.0, 2.0, 1.0, 3.0, 6.0, 2.0, 6.0, 2.0]]

Scenario 6:
Time Buckets: 0, 1
Demands: [[[10.0, 10.0, 19.0, 32.0, 16.0], [9.0, 6.0, 16.0, 5.0, 26.0], [6.0, 4.0, 3.0, 1.0, 5.0], [1.0, 1.0, 1.0, 1.0, 1.0]], [[33.0, 21.0, 17.0, 15.0, 29.0], [20.0, 27.0, 13.0, 23.0, 5.0], [4.0, 2.0, 6.0, 3.0, 3.0], [1.0, 2.0, 1.0, 1.0, 2.0]], [[17.0, 5.0, 10.0, 2.0, 38.0], [36.0, 33.0, 10.0, 34.0, 24.0], [3.0, 2.0, 4.0, 5.0, 7.0], [2.0, 1.0, 3.0, 4.0, 2.0]]], [[[24.0, 5.0, 28.0, 5.0, 20.0], [12.0, 8.0, 19.0, 7.0, 28.0], [1.0, 4.0, 3.0, 1.0, 5.0], [1.0, 1.0, 1.0, 1.0, 1.0]], [[34.0, 22.0, 18.0, 16.0, 30.0], [21.0, 27.0, 13.0, 23.0, 5.0], [4.0, 2.0, 6.0, 3.0, 3.0], [1.0, 2.0, 1.0, 1.0, 2.0]], [[17.0, 6.0, 11.0, 2.0, 39.0], [36.0, 33.0, 10.0, 34.0, 24.0], [3.0, 2.0, 4.0, 5.0, 7.0], [2.0, 1.0, 3.0, 4.0, 2.0]]]
HospitalCaps: [53.0, 58.0, 64.0, 74.0, 66.0], [82.0, 89.0, 82.0, 76.0, 89.0]
WholeDonors: [[165.0, 166.0, 207.0, 243.0, 189.0], [140.0, 140.0, 164.0, 124.0, 190.0], [47.0, 30.0, 25.0, 31.0, 41.0], [14.0, 9.0, 9.0, 8.0, 12.0]], [[232.0, 151.0, 211.0, 121.0, 199.0], [144.0, 151.0, 163.0, 131.0, 197.0], [29.0, 44.0, 36.0, 35.0, 45.0], [10.0, 19.0, 7.0, 13.0, 8.0]]
ApheresisDonors: [[45.0, 63.0, 69.0, 101.0, 80.0, 63.0, 36.0, 79.0, 40.0, 96.0], [89.0, 58.0, 48.0, 27.0, 71.0, 50.0, 65.0, 52.0, 34.0, 71.0], [19.0, 13.0, 15.0, 13.0, 19.0, 22.0, 9.0, 10.0, 15.0, 12.0], [5.0, 3.0, 3.0, 1.0, 4.0, 4.0, 3.0, 7.0, 5.0, 7.0]], [[76.0, 42.0, 91.0, 43.0, 91.0, 55.0, 50.0, 85.0, 44.0, 93.0], [34.0, 72.0, 60.0, 38.0, 79.0, 45.0, 56.0, 56.0, 32.0, 69.0], [26.0, 17.0, 13.0, 12.0, 13.0, 15.0, 18.0, 23.0, 20.0, 8.0], [8.0, 7.0, 4.0, 2.0, 1.0, 3.0, 6.0, 2.0, 6.0, 2.0]]

Scenario 7:
Time Buckets: 0, 1
Demands: [[[24.0, 5.0, 28.0, 5.0, 20.0], [12.0, 8.0, 19.0, 7.0, 28.0], [1.0, 4.0, 3.0, 1.0, 5.0], [1.0, 1.0, 1.0, 1.0, 1.0]], [[34.0, 22.0, 18.0, 16.0, 30.0], [21.0, 27.0, 13.0, 23.0, 5.0], [4.0, 2.0, 6.0, 3.0, 3.0], [1.0, 2.0, 1.0, 1.0, 2.0]], [[17.0, 6.0, 11.0, 2.0, 39.0], [36.0, 33.0, 10.0, 34.0, 24.0], [3.0, 2.0, 4.0, 5.0, 7.0], [2.0, 1.0, 3.0, 4.0, 2.0]]], [[[7.0, 3.0, 15.0, 29.0, 14.0], [7.0, 4.0, 15.0, 4.0, 25.0], [6.0, 4.0, 3.0, 1.0, 5.0], [1.0, 1.0, 1.0, 1.0, 1.0]], [[33.0, 21.0, 17.0, 15.0, 29.0], [20.0, 27.0, 13.0, 23.0, 5.0], [4.0, 2.0, 6.0, 3.0, 2.0], [1.0, 2.0, 1.0, 1.0, 2.0]], [[17.0, 5.0, 10.0, 1.0, 38.0], [36.0, 32.0, 9.0, 34.0, 24.0], [3.0, 2.0, 4.0, 5.0, 7.0], [2.0, 1.0, 3.0, 4.0, 2.0]]]
HospitalCaps: [70.0, 52.0, 75.0, 43.0, 71.0], [82.0, 89.0, 82.0, 76.0, 89.0]
WholeDonors: [[215.0, 149.0, 247.0, 144.0, 206.0], [151.0, 148.0, 172.0, 130.0, 195.0], [40.0, 30.0, 26.0, 31.0, 42.0], [14.0, 9.0, 9.0, 8.0, 12.0]], [[181.0, 140.0, 160.0, 208.0, 177.0], [127.0, 139.0, 149.0, 122.0, 190.0], [38.0, 44.0, 35.0, 34.0, 44.0], [10.0, 19.0, 7.0, 13.0, 8.0]]
ApheresisDonors: [[73.0, 51.0, 89.0, 67.0, 88.0, 71.0, 41.0, 83.0, 44.0, 99.0], [41.0, 60.0, 49.0, 28.0, 72.0, 51.0, 67.0, 53.0, 35.0, 72.0], [19.0, 13.0, 16.0, 13.0, 19.0, 22.0, 9.0, 10.0, 15.0, 12.0], [5.0, 3.0, 3.0, 1.0, 4.0, 4.0, 3.0, 7.0, 5.0, 7.0]], [[45.0, 38.0, 66.0, 83.0, 80.0, 47.0, 44.0, 79.0, 37.0, 89.0], [88.0, 69.0, 57.0, 35.0, 77.0, 43.0, 54.0, 54.0, 30.0, 68.0], [26.0, 17.0, 12.0, 12.0, 13.0, 14.0, 18.0, 23.0, 20.0, 8.0], [8.0, 7.0, 4.0, 2.0, 1.0, 3.0, 6.0, 2.0, 6.0, 2.0]]

Scenario 8:
Time Buckets: 0, 1
Demands: [[[24.0, 5.0, 28.0, 5.0, 20.0], [12.0, 8.0, 19.0, 7.0, 28.0], [1.0, 4.0, 3.0, 1.0, 5.0], [1.0, 1.0, 1.0, 1.0, 1.0]], [[34.0, 22.0, 18.0, 16.0, 30.0], [21.0, 27.0, 13.0, 23.0, 5.0], [4.0, 2.0, 6.0, 3.0, 3.0], [1.0, 2.0, 1.0, 1.0, 2.0]], [[17.0, 6.0, 11.0, 2.0, 39.0], [36.0, 33.0, 10.0, 34.0, 24.0], [3.0, 2.0, 4.0, 5.0, 7.0], [2.0, 1.0, 3.0, 4.0, 2.0]]], [[[10.0, 10.0, 19.0, 32.0, 16.0], [9.0, 6.0, 16.0, 5.0, 26.0], [6.0, 4.0, 3.0, 1.0, 5.0], [1.0, 1.0, 1.0, 1.0, 1.0]], [[33.0, 21.0, 17.0, 15.0, 29.0], [20.0, 27.0, 13.0, 23.0, 5.0], [4.0, 2.0, 6.0, 3.0, 3.0], [1.0, 2.0, 1.0, 1.0, 2.0]], [[17.0, 5.0, 10.0, 2.0, 38.0], [36.0, 33.0, 10.0, 34.0, 24.0], [3.0, 2.0, 4.0, 5.0, 7.0], [2.0, 1.0, 3.0, 4.0, 2.0]]]
HospitalCaps: [70.0, 52.0, 75.0, 43.0, 71.0], [82.0, 89.0, 82.0, 76.0, 89.0]
WholeDonors: [[215.0, 149.0, 247.0, 144.0, 206.0], [151.0, 148.0, 172.0, 130.0, 195.0], [40.0, 30.0, 26.0, 31.0, 42.0], [14.0, 9.0, 9.0, 8.0, 12.0]], [[189.0, 173.0, 177.0, 220.0, 184.0], [133.0, 143.0, 154.0, 125.0, 192.0], [38.0, 44.0, 36.0, 34.0, 44.0], [10.0, 19.0, 7.0, 13.0, 8.0]]
ApheresisDonors: [[73.0, 51.0, 89.0, 67.0, 88.0, 71.0, 41.0, 83.0, 44.0, 99.0], [41.0, 60.0, 49.0, 28.0, 72.0, 51.0, 67.0, 53.0, 35.0, 72.0], [19.0, 13.0, 16.0, 13.0, 19.0, 22.0, 9.0, 10.0, 15.0, 12.0], [5.0, 3.0, 3.0, 1.0, 4.0, 4.0, 3.0, 7.0, 5.0, 7.0]], [[50.0, 52.0, 75.0, 88.0, 83.0, 50.0, 46.0, 81.0, 39.0, 90.0], [89.0, 70.0, 58.0, 36.0, 77.0, 44.0, 55.0, 55.0, 30.0, 68.0], [26.0, 17.0, 12.0, 12.0, 13.0, 14.0, 18.0, 23.0, 20.0, 8.0], [8.0, 7.0, 4.0, 2.0, 1.0, 3.0, 6.0, 2.0, 6.0, 2.0]]

Scenario 9:
Time Buckets: 0, 1
Demands: [[[24.0, 5.0, 28.0, 5.0, 20.0], [12.0, 8.0, 19.0, 7.0, 28.0], [1.0, 4.0, 3.0, 1.0, 5.0], [1.0, 1.0, 1.0, 1.0, 1.0]], [[34.0, 22.0, 18.0, 16.0, 30.0], [21.0, 27.0, 13.0, 23.0, 5.0], [4.0, 2.0, 6.0, 3.0, 3.0], [1.0, 2.0, 1.0, 1.0, 2.0]], [[17.0, 6.0, 11.0, 2.0, 39.0], [36.0, 33.0, 10.0, 34.0, 24.0], [3.0, 2.0, 4.0, 5.0, 7.0], [2.0, 1.0, 3.0, 4.0, 2.0]]], [[[24.0, 5.0, 28.0, 5.0, 20.0], [12.0, 8.0, 19.0, 7.0, 28.0], [1.0, 4.0, 3.0, 1.0, 5.0], [1.0, 1.0, 1.0, 1.0, 1.0]], [[34.0, 22.0, 18.0, 16.0, 30.0], [21.0, 27.0, 13.0, 23.0, 5.0], [4.0, 2.0, 6.0, 3.0, 3.0], [1.0, 2.0, 1.0, 1.0, 2.0]], [[17.0, 6.0, 11.0, 2.0, 39.0], [36.0, 33.0, 10.0, 34.0, 24.0], [3.0, 2.0, 4.0, 5.0, 7.0], [2.0, 1.0, 3.0, 4.0, 2.0]]]
HospitalCaps: [70.0, 52.0, 75.0, 43.0, 71.0], [82.0, 89.0, 82.0, 76.0, 89.0]
WholeDonors: [[215.0, 149.0, 247.0, 144.0, 206.0], [151.0, 148.0, 172.0, 130.0, 195.0], [40.0, 30.0, 26.0, 31.0, 42.0], [14.0, 9.0, 9.0, 8.0, 12.0]], [[232.0, 151.0, 211.0, 121.0, 199.0], [144.0, 151.0, 163.0, 131.0, 197.0], [29.0, 44.0, 36.0, 35.0, 45.0], [10.0, 19.0, 7.0, 13.0, 8.0]]
ApheresisDonors: [[73.0, 51.0, 89.0, 67.0, 88.0, 71.0, 41.0, 83.0, 44.0, 99.0], [41.0, 60.0, 49.0, 28.0, 72.0, 51.0, 67.0, 53.0, 35.0, 72.0], [19.0, 13.0, 16.0, 13.0, 19.0, 22.0, 9.0, 10.0, 15.0, 12.0], [5.0, 3.0, 3.0, 1.0, 4.0, 4.0, 3.0, 7.0, 5.0, 7.0]], [[76.0, 42.0, 91.0, 43.0, 91.0, 55.0, 50.0, 85.0, 44.0, 93.0], [34.0, 72.0, 60.0, 38.0, 79.0, 45.0, 56.0, 56.0, 32.0, 69.0], [26.0, 17.0, 13.0, 12.0, 13.0, 15.0, 18.0, 23.0, 20.0, 8.0], [8.0, 7.0, 4.0, 2.0, 1.0, 3.0, 6.0, 2.0, 6.0, 2.0]]

